ONEWEB-0182
1 48228U 21031U   25084.77228904 -.00000140  00000+0 -41313-3 0  9990
2 48228  87.9086  18.8841 0001953  83.3067 276.8285 13.14502473189522
ONEWEB-0199
1 48234U 21031AA  25084.77545615 -.00000095  00000+0 -28952-3 0  9991
2 48234  87.9083  18.8578 0002033  80.0303 280.1056 13.14501323189358
ONEWEB-0206
1 48227U 21031T   25084.77703627 -.00000064  00000+0 -20719-3 0  9991
2 48227  87.9082  18.8440 0001804  80.2362 279.8972 13.14501596189319
ONEWEB-0351
1 49215U 21083AF  25084.77898768  .00000066  00000+0  13164-3 0  9993
2 49215  87.9332   3.6850 0002120  54.5482 305.5849 13.20773870177580
ONEWEB-0358
1 49284U 21090F   25084.77595891 -.00000437  00000+0 -11072-2 0  9997
2 49284  87.9336   3.6812 0001800  85.5702 274.5637 13.20771666171362
ONEWEB-0359
1 49285U 21090G   25084.77280252  .00000044  00000+0  76897-4 0  9990
2 49285  87.9334   3.6955 0001425  82.0526 278.0769 13.20775027171346
ONEWEB-0378
1 49304U 21090AB  25084.77924843 -.00000059  00000+0 -17645-3 0  9996
2 49304  87.9336   3.6882 0001893  83.0234 277.1114 13.20769688170591
ONEWEB-0379
1 49305U 21090AC  25083.56233485  .00000152  00000+0  37472-3 0  9990
2 49305  87.9082  19.1114 0002016  79.3698 280.7658 13.14502480168497
ONEWEB-0383
1 49309U 21090AG  25084.77387237 -.00000065  00000+0 -20973-3 0  9996
2 49309  87.9081  18.8534 0002046  81.5357 278.6005 13.14501295168688
ONEWEB-0492
1 54114U 22138B   25084.77933041 -.00000035  00000+0 -11939-3 0  9999
2 54114  87.9232  34.0933 0001850  73.1548 286.9787 13.19728507117696
ONEWEB-0512
1 54130U 22138T   25083.56311465  .00000058  00000+0  11243-3 0  9994
2 54130  87.9233  34.3507 0002380  78.8675 281.2725 13.19724678117502
ONEWEB-0523
1 54141U 22138AE  25084.77754294  .00000067  00000+0  13271-3 0  9994
2 54141  87.9336   3.6929 0001081  98.6302 261.4954 13.20774263120111
ONEWEB-0535
1 54147U 22138AL  25084.77459227  .00000142  00000+0  32229-3 0  9996
2 54147  87.9224  34.0683 0001646  83.9452 276.1868 13.19727076117692
ONEWEB-0648
1 55811U 23029R   25083.56076511  .00000103  00000+0  24221-3 0  9992
2 55811  87.9084  19.1164 0002682  63.7029 296.4376 13.14503859100327
ONEWEB-0649
1 55812U 23029S   25084.77776304  .00000040  00000+0  67781-4 0  9993
2 55812  87.9232  34.0965 0002285  69.6968 290.4410 13.19727296 99782
ONEWEB-0650
1 55813U 23029T   25083.55995808  .00000154  00000+0  35316-3 0  9995
2 55813  87.9232  34.3459 0002014  74.4450 285.6905 13.19727607 99594
ONEWEB-0667
1 55827U 23029AH  25084.77439194 -.00000005  00000+0 -43100-4 0  9994
2 55827  87.9339   3.6661 0002089  78.9888 281.1480 13.20774164101952
ONEWEB-0674
1 55833U 23029AP  25084.77071429 -.00000126  00000+0 -37371-3 0  9990
2 55833  87.9086  18.8994 0002409  85.2611 274.8794 13.14504356100500
