STARLINK-11547 [DTC]    
1 62587U 25008A   25030.12690885  .00026756  00000+0  15602-3 0  9994
2 62587  42.9997  41.4684 0001311 259.2730 100.7992 15.77872498  3774
STARLINK-11185 [DTC]    
1 62588U 25008B   25029.74223220  .00022269  00000+0  13045-3 0  9990
2 62588  42.9997  43.7396 0001701 254.1542 105.9141 15.77864388  2555
STARLINK-11513 [DTC]    
1 62589U 25008C   25030.11714944  .00011535  00000+0  69012-4 0  9992
2 62589  43.0005  41.3880 0001734 257.7430 102.3246 15.77871513  3771
STARLINK-11397 [DTC]    
1 62590U 25008D   25030.16668981 -.00120858  00000+0 -69930-3 0  9997
2 62590  43.0023  41.0195 0002277 269.1000  40.4214 15.77922867  3723
STARLINK-11420 [DTC]    
1 62591U 25008E   25029.91667824 -.00027015  00000+0 -15275-3 0  9998
2 62591  43.0022  42.4703 0001793 256.3804  99.0418 15.77871305  3776
STARLINK-11415 [DTC]    
1 62592U 25008F   25030.16668981  .00002614  00000+0  17917-4 0  9995
2 62592  43.0028  40.8814 0002317 288.1534  76.8463 15.77817512  3733
STARLINK-11413 [DTC]    
1 62593U 25008G   25030.16668981 -.01129550  00000+0 -66709-2 0  9999
2 62593  43.0056  40.8187 0001725 270.5662 119.7222 15.79700519  3692
STARLINK-11416 [DTC]    
1 62594U 25008H   25030.16668981 -.00247726  28706-4 -63942-3 0  9990
2 62594  43.0045  39.8256 0001318 284.4599 139.7640 15.94016577  3571
STARLINK-11535 [DTC]    
1 62595U 25008J   25030.15746888  .00003594  00000+0  17606-4 0  9993
2 62595  43.0050  40.8163 0001463 268.4806  91.5899 15.84383029  3637
STARLINK-11532 [DTC]    
1 62596U 25008K   25030.15708165  .00267947  00000+0  10966-2 0  9994
2 62596  43.0053  40.8130 0000740 129.2960 230.7978 15.84549058  3560
STARLINK-11521 [DTC]    
1 62597U 25008L   25030.15663569  .00022926  00000+0  99372-4 0  9999
2 62597  43.0057  40.8111 0001848 271.7696  88.2965 15.84393940  3786
STARLINK-11258 [DTC]    
1 62598U 25008M   25030.15615068  .00267851  00000+0  10916-2 0  9994
2 62598  43.0060  40.8051 0000149  43.5485 316.5400 15.84636383  3780
STARLINK-11529 [DTC]    
1 62599U 25008N   25030.15570349  .00029510  00000+0  12688-3 0  9994
2 62599  43.0058  40.8017 0000865 240.7263 119.3524 15.84437764  3799
